1600 1
21642.00000000
2
27459.00000000
998
25655.00000000
998
30874.00000000
998
34960.00000000
998
36950.00000000
998
37193.00000000
998
36799.00000000
998
35460.00000000
998
35350.00000000
1673
32879.00000000
1673
30728.00000000
1673
29598.00000000
1673
30162.00000000
1673
32550.00000000
1673
38158.00000000
1673
45688.00000000
605
48217.00000000
605
54056.00000000
605
58860.00000000
1673
56663.00000000
1673
49072.00000000
1673
35838.00000000
1673
21905.00000000
1673
14472.00000000
1673
13177.00000000
1673
14313.00000000
1673
16992.00000000
1673
20961.00000000
1673
25625.00000000
1673
29956.00000000
1673
34373.00000000
1673
32461.00000000
998
30787.00000000
998
29514.00000000
998
27814.00000000
998
26784.00000000
998
27543.00000000
998
33237.00000000
2
2500.00000000
2
19643.00000000
998
31240.00000000
338
27540.00000000
1875
32166.00000000
1875
41210.00000000
1875
42107.00000000
1875
31873.00000000
1875
22309.00000000
1875
15927.00000000
1875
14104.00000000
1875
16556.00000000
1875
21467.00000000
29
12826.00000000
29
12686.00000000
29
22591.00000000
29
38263.00000000
29
57232.00000000
29
70035.00000000
263
84119.00000000
263
102007.00000000
263
113137.00000000
263
108416.00000000
646
74378.00000000
646
49666.00000000
646
43407.00000000
646
49226.00000000
646
47380.00000000
29
37443.00000000
3320
26283.00000000
1875
16921.00000000
1875
10798.00000000
1875
6872.00000000
1875
4886.00000000
1875
4146.00000000
1875
4438.00000000
1875
4775.00000000
1875
5553.00000000
1875
11684.00000000
1875
37848.00000000
338
23862.00000000
1652
10947.00000000
998
40868.00000000
1875
62669.00000000
193
80738.00000000
684
107832.00000000
684
123285.00000000
684
81448.00000000
3320
44838.00000000
3320
36930.00000000
3320
38513.00000000
3320
36966.00000000
29
33514.00000000
29
29729.00000000
2506
28334.00000000
2506
43788.00000000
2506
51487.00000000
263
69805.00000000
263
79748.00000000
1502
95734.00000000
23
99907.00000000
23
110480.00000000
2981
107426.00000000
2983
104004.00000000
22
65491.00000000
22
52630.00000000
22
39169.00000000
646
35371.00000000
646
42931.00000000
646
23481.00000000
3320
9427.00000000
3320
10109.00000000
3320
18471.00000000
3320
19732.00000000
1875
18327.00000000
1875
18645.00000000
1875
20526.00000000
1875
25159.00000000
1875
20468.00000000
1875
26010.00000000
1875
26303.00000000
998
19066.00000000
998
54265.00000000
1323
80121.00000000
684
114593.00000000
67
147441.00000000
67
197852.00000000
67
161171.00000000
85
79598.00000000
3320
59068.00000000
3320
32101.00000000
684
34280.00000000
2506
26559.00000000
2506
35483.00000000
2933
37392.00000000
2933
42466.00000000
120
55755.00000000
120
57671.00000000
728
69111.00000000
23
63811.00000000
23
65812.00000000
2981
74116.00000000
2981
72649.00000000
2983
76303.00000000
2983
63374.00000000
1016
52317.00000000
1016
38015.00000000
22
26118.00000000
22
32643.00000000
22
44105.00000000
646
31082.00000000
85
16477.00000000
3320
9211.00000000
3320
18353.00000000
3320
30472.00000000
3320
34652.00000000
1875
35781.00000000
1875
38684.00000000
193
30306.00000000
1875
27501.00000000
1875
28672.00000000
998
29047.00000000
998
64683.00000000
1323
120567.00000000
1809
134997.00000000
1809
188720.00000000
1809
234595.00000000
267
201708.00000000
85
118886.00000000
85
58565.00000000
684
45347.00000000
2506
34132.00000000
2933
25894.00000000
2933
39858.00000000
120
48340.00000000
448
32653.00000000
448
36722.00000000
448
27915.00000000
1727
29439.00000000
1727
30211.00000000
2877
34124.00000000
2877
40461.00000000
2074
43897.00000000
2945
48094.00000000
2945
45192.00000000
2511
39015.00000000
2511
35594.00000000
207
32742.00000000
1016
39858.00000000
22
24107.00000000
22
38265.00000000
22
30543.00000000
85
14526.00000000
85
10781.00000000
3320
16143.00000000
3320
30298.00000000
3320
36421.00000000
1875
37433.00000000
193
27247.00000000
1875
28158.00000000
1875
30078.00000000
998
38443.00000000
998
75143.00000000
1323
141521.00000000
1809
180834.00000000
1809
228823.00000000
267
257252.00000000
2398
217738.00000000
85
163077.00000000
85
93953.00000000
67
44789.00000000
2933
38619.00000000
1667
54978.00000000
1667
48207.00000000
448
42165.00000000
1336
44892.00000000
39
42193.00000000
39
33717.00000000
612
29945.00000000
612
36492.00000000
2224
27994.00000000
2224
43430.00000000
2224
35520.00000000
957
35114.00000000
957
46029.00000000
1922
40021.00000000
1688
39814.00000000
207
24617.00000000
207
24222.00000000
207
41909.00000000
2366
23180.00000000
423
35495.00000000
22
29776.00000000
568
8042.00000000
85
14560.00000000
3320
16053.00000000
3320
30711.00000000
3320
34131.00000000
193
25959.00000000
1875
29188.00000000
1875
28039.00000000
1652
45690.00000000
998
76834.00000000
1323
182714.00000000
1809
228010.00000000
1107
214347.00000000
1107
235697.00000000
1985
256297.00000000
85
202820.00000000
67
117829.00000000
2933
69806.00000000
1667
70085.00000000
6
53606.00000000
1336
50766.00000000
1336
48153.00000000
39
46378.00000000
39
30166.00000000
2306
37850.00000000
2306
36306.00000000
3003
35651.00000000
2346
39132.00000000
2346
47327.00000000
2619
39875.00000000
8
41931.00000000
2516
36395.00000000
2516
36290.00000000
105
35030.00000000
105
42868.00000000
1195
37670.00000000
1616
30900.00000000
2598
37671.00000000
2366
14200.00000000
423
23420.00000000
423
16783.00000000
568
6726.00000000
85
16379.00000000
3320
16884.00000000
3320
31099.00000000
193
26594.00000000
1875
30822.00000000
1875
26082.00000000
1652
47347.00000000
998
71994.00000000
1323
183261.00000000
967
223207.00000000
1107
206034.00000000
1107
230621.00000000
1107
287535.00000000
267
212014.00000000
267
151042.00000000
1667
96908.00000000
6
88382.00000000
1336
84319.00000000
3248
74831.00000000
3248
71247.00000000
2033
54902.00000000
2911
50863.00000000
2813
40792.00000000
1534
36298.00000000
1534
29021.00000000
829
36882.00000000
829
54566.00000000
591
49997.00000000
2548
38175.00000000
237
34903.00000000
1651
28698.00000000
1651
30006.00000000
1511
16426.00000000
1511
25030.00000000
1511
18633.00000000
520
27420.00000000
2598
36335.00000000
2598
11979.00000000
423
18488.00000000
423
11675.00000000
568
7640.00000000
85
17416.00000000
3320
21206.00000000
3320
30661.00000000
1875
33052.00000000
1875
26352.00000000
1652
42599.00000000
998
59007.00000000
1323
148922.00000000
967
234560.00000000
744
216180.00000000
1107
215079.00000000
1107
264395.00000000
744
238322.00000000
267
174827.00000000
6
136921.00000000
3315
128795.00000000
2480
113550.00000000
2150
96475.00000000
2033
87495.00000000
151
60361.00000000
990
53227.00000000
990
49825.00000000
1534
39835.00000000
156
41237.00000000
156
48622.00000000
829
55585.00000000
1984
49947.00000000
2862
45248.00000000
3247
34567.00000000
1437
37162.00000000
2482
31630.00000000
141
32327.00000000
1511
21505.00000000
1511
27327.00000000
1511
15077.00000000
520
27467.00000000
520
30579.00000000
58
13974.00000000
423
25270.00000000
2705
14757.00000000
568
11867.00000000
85
19196.00000000
3320
28041.00000000
3320
36232.00000000
1875
28441.00000000
1652
38020.00000000
998
48967.00000000
1323
112421.00000000
2992
204775.00000000
2992
228105.00000000
744
211084.00000000
1733
217371.00000000
1733
251092.00000000
821
212214.00000000
1798
179019.00000000
2480
152309.00000000
167
129429.00000000
167
108747.00000000
3047
82346.00000000
3047
70210.00000000
1774
57248.00000000
1774
57800.00000000
1415
51640.00000000
2159
46727.00000000
2673
39874.00000000
1380
41367.00000000
2098
42196.00000000
2098
47587.00000000
2862
35484.00000000
1061
37186.00000000
732
27721.00000000
141
17594.00000000
141
31557.00000000
141
24966.00000000
1150
34633.00000000
1150
23122.00000000
520
36867.00000000
520
35917.00000000
58
21874.00000000
423
18937.00000000
568
31379.00000000
568
24999.00000000
85
23061.00000000
3320
41024.00000000
1875
31768.00000000
1652
35669.00000000
998
47352.00000000
1323
106016.00000000
2992
166717.00000000
2992
238898.00000000
1809
207217.00000000
1733
197088.00000000
1733
212820.00000000
1733
225500.00000000
89
190978.00000000
89
175826.00000000
89
159994.00000000
3047
127641.00000000
3047
107865.00000000
3047
101976.00000000
3047
87057.00000000
2289
72463.00000000
2289
57375.00000000
2335
51942.00000000
1285
50149.00000000
2882
37992.00000000
394
43873.00000000
394
39822.00000000
2207
43866.00000000
1061
36484.00000000
1061
29253.00000000
732
34928.00000000
732
35386.00000000
141
34790.00000000
1150
30041.00000000
1150
34338.00000000
0
33560.00000000
3087
37501.00000000
2372
23865.00000000
1473
28323.00000000
2705
19841.00000000
568
28405.00000000
85
29074.00000000
3320
29401.00000000
457
36209.00000000
1652
35416.00000000
998
49335.00000000
1323
99172.00000000
684
161398.00000000
1809
191519.00000000
1809
200796.00000000
744
197644.00000000
3270
202002.00000000
3270
210096.00000000
3270
206634.00000000
3270
191355.00000000
935
185173.00000000
935
165052.00000000
935
149378.00000000
935
135394.00000000
1846
116678.00000000
1739
82923.00000000
1739
66991.00000000
33
61178.00000000
3134
50098.00000000
1176
46782.00000000
970
32986.00000000
2486
36286.00000000
2486
33993.00000000
751
37782.00000000
3113
36385.00000000
3025
40159.00000000
3025
31118.00000000
985
35197.00000000
736
25892.00000000
369
33252.00000000
2232
38862.00000000
3087
32541.00000000
2706
39001.00000000
1473
21642.00000000
1473
25638.00000000
2705
42302.00000000
568
36883.00000000
457
18080.00000000
457
41425.00000000
1652
37488.00000000
998
51378.00000000
1323
81567.00000000
684
117612.00000000
1809
178977.00000000
1809
186484.00000000
744
193643.00000000
744
194321.00000000
3270
194636.00000000
3270
197238.00000000
3270
191693.00000000
1329
188787.00000000
1329
185907.00000000
935
183002.00000000
935
175978.00000000
935
157538.00000000
1739
123421.00000000
2519
83226.00000000
3134
68567.00000000
275
62018.00000000
275
50453.00000000
1296
34474.00000000
1296
35933.00000000
1296
38021.00000000
1436
33564.00000000
1954
28624.00000000
2566
39028.00000000
2566
33088.00000000
2477
35323.00000000
3163
32571.00000000
369
30601.00000000
369
41565.00000000
2232
40624.00000000
2765
37001.00000000
1829
30077.00000000
1473
28880.00000000
116
48753.00000000
2705
54313.00000000
85
13154.00000000
457
47141.00000000
1652
41390.00000000
998
57582.00000000
513
81331.00000000
513
109886.00000000
1809
177341.00000000
267
193020.00000000
744
194980.00000000
1721
196467.00000000
1721
194804.00000000
3270
203283.00000000
1965
201113.00000000
935
194142.00000000
1329
193537.00000000
2386
199749.00000000
1733
199033.00000000
1733
189526.00000000
286
160577.00000000
2663
131748.00000000
275
101465.00000000
3109
76755.00000000
629
54874.00000000
629
44943.00000000
629
47516.00000000
629
33252.00000000
274
32606.00000000
274
29919.00000000
2944
34741.00000000
2566
38302.00000000
247
33193.00000000
2477
31165.00000000
517
33545.00000000
2137
45525.00000000
771
40314.00000000
2714
37993.00000000
2765
35392.00000000
1829
40481.00000000
1473
45679.00000000
116
57702.00000000
255
17381.00000000
457
50387.00000000
1011
46572.00000000
998
45192.00000000
513
83414.00000000
1809
123649.00000000
474
197006.00000000
1571
220097.00000000
1550
203698.00000000
1733
195625.00000000
1721
196240.00000000
1721
203173.00000000
1965
200249.00000000
935
196245.00000000
935
196195.00000000
935
199967.00000000
2875
213210.00000000
1733
208202.00000000
451
179797.00000000
286
148927.00000000
286
127339.00000000
765
102143.00000000
765
81476.00000000
765
65836.00000000
629
48033.00000000
629
42042.00000000
629
31645.00000000
274
30255.00000000
274
35502.00000000
2944
33609.00000000
1542
41605.00000000
1466
29545.00000000
3318
41137.00000000
1391
45016.00000000
1585
59382.00000000
2883
44577.00000000
2685
41093.00000000
16
34241.00000000
996
45196.00000000
116
62204.00000000
255
34967.00000000
457
50647.00000000
1011
52973.00000000
998
43468.00000000
513
81302.00000000
30
124726.00000000
1197
155984.00000000
1571
212229.00000000
2416
229477.00000000
1733
199573.00000000
1733
194190.00000000
1733
196440.00000000
1733
196631.00000000
935
197046.00000000
2004
189883.00000000
2004
201333.00000000
2875
217163.00000000
2875
217129.00000000
320
200453.00000000
320
175668.00000000
286
145169.00000000
286
132620.00000000
765
110703.00000000
765
93002.00000000
765
81793.00000000
765
66638.00000000
629
46176.00000000
2503
39879.00000000
2503
36268.00000000
1499
41865.00000000
776
32570.00000000
776
29371.00000000
1769
35961.00000000
1769
51579.00000000
1386
63195.00000000
3076
62131.00000000
1975
51396.00000000
730
46492.00000000
996
59464.00000000
116
79838.00000000
255
62405.00000000
457
48829.00000000
676
59571.00000000
340
51070.00000000
513
85332.00000000
30
112158.00000000
1053
112137.00000000
1053
151547.00000000
2416
197468.00000000
865
208753.00000000
2114
195073.00000000
1733
181963.00000000
1733
185346.00000000
209
182899.00000000
1170
183559.00000000
2222
192201.00000000
2403
205215.00000000
320
209666.00000000
320
201282.00000000
320
181662.00000000
320
160261.00000000
2149
138805.00000000
310
118700.00000000
310
104696.00000000
310
94009.00000000
310
78118.00000000
310
60120.00000000
310
46824.00000000
2503
47020.00000000
747
29717.00000000
18
30892.00000000
776
35767.00000000
890
30546.00000000
1769
39144.00000000
1870
53627.00000000
1115
62960.00000000
460
55788.00000000
1946
43250.00000000
226
68511.00000000
996
91633.00000000
116
72184.00000000
255
47952.00000000
676
61596.00000000
340
67198.00000000
513
99883.00000000
30
105101.00000000
26
95713.00000000
26
101329.00000000
1631
136102.00000000
2114
142675.00000000
2114
172815.00000000
821
163158.00000000
2398
162176.00000000
2357
162607.00000000
2829
171635.00000000
818
174162.00000000
2403
178027.00000000
563
186267.00000000
563
188563.00000000
320
170908.00000000
1986
157944.00000000
3109
142075.00000000
3109
123619.00000000
310
107693.00000000
310
93349.00000000
310
74887.00000000
310
62694.00000000
310
59365.00000000
1696
54763.00000000
747
35123.00000000
18
38229.00000000
1127
34048.00000000
890
34115.00000000
890
36598.00000000
1870
48232.00000000
1844
56825.00000000
788
47233.00000000
2985
46465.00000000
2253
65846.00000000
2253
91444.00000000
3175
89077.00000000
255
52255.00000000
676
65493.00000000
340
85261.00000000
513
98805.00000000
333
85065.00000000
26
76112.00000000
26
79737.00000000
1631
99830.00000000
2114
96564.00000000
2114
117686.00000000
1153
126856.00000000
2398
125055.00000000
3306
118347.00000000
276
122377.00000000
276
138731.00000000
163
150871.00000000
163
161690.00000000
163
158540.00000000
3109
148196.00000000
3109
140690.00000000
3109
131025.00000000
3109
126902.00000000
3109
115324.00000000
2228
105059.00000000
2228
86037.00000000
310
84099.00000000
1696
63816.00000000
1696
49664.00000000
1696
53889.00000000
3082
41718.00000000
758
44023.00000000
890
37984.00000000
890
34699.00000000
2271
38927.00000000
2493
54830.00000000
1670
59490.00000000
424
46686.00000000
624
56912.00000000
2253
93638.00000000
2423
113244.00000000
255
61276.00000000
676
67826.00000000
1011
99138.00000000
513
88772.00000000
3331
82951.00000000
26
77742.00000000
2325
80099.00000000
3298
88139.00000000
2691
92345.00000000
2114
98497.00000000
1533
100780.00000000
51
91307.00000000
3306
90205.00000000
276
81696.00000000
276
102593.00000000
163
110597.00000000
163
121716.00000000
163
118192.00000000
3109
120273.00000000
3109
117129.00000000
3109
116285.00000000
3109
116864.00000000
1756
107613.00000000
1756
100998.00000000
1756
90739.00000000
1756
90315.00000000
1696
65519.00000000
1696
54736.00000000
1696
53975.00000000
1198
50753.00000000
3082
41798.00000000
1242
32777.00000000
1767
35181.00000000
1523
43104.00000000
270
46878.00000000
1670
55486.00000000
2103
52583.00000000
2080
62292.00000000
2998
94505.00000000
632
134414.00000000
107
65087.00000000
1011
66965.00000000
1011
109654.00000000
513
95602.00000000
3331
72602.00000000
235
67936.00000000
2325
67768.00000000
2565
57881.00000000
2950
80302.00000000
1097
74457.00000000
279
72534.00000000
2370
71508.00000000
1985
66630.00000000
2426
67039.00000000
276
71740.00000000
1611
80695.00000000
775
85246.00000000
775
91829.00000000
3109
95944.00000000
1812
97085.00000000
1812
99888.00000000
3141
97996.00000000
1620
94186.00000000
665
89475.00000000
1756
86382.00000000
1756
84459.00000000
1756
80595.00000000
1696
70182.00000000
1696
66238.00000000
1198
56275.00000000
2070
46215.00000000
835
35901.00000000
136
38685.00000000
2059
40771.00000000
2958
49990.00000000
1865
55974.00000000
2465
52802.00000000
2530
49529.00000000
2530
89181.00000000
632
125900.00000000
107
59665.00000000
1011
59988.00000000
92
107825.00000000
208
105156.00000000
1387
59214.00000000
235
56237.00000000
937
57463.00000000
1929
55445.00000000
2950
65414.00000000
1950
60812.00000000
2629
48653.00000000
2629
56642.00000000
1985
48438.00000000
3118
57864.00000000
1611
48656.00000000
1611
60883.00000000
775
59761.00000000
775
65685.00000000
775
67563.00000000
3141
67902.00000000
3141
80103.00000000
32
76315.00000000
32
74264.00000000
665
71060.00000000
665
79384.00000000
1756
81418.00000000
775
77554.00000000
775
75918.00000000
1869
75576.00000000
1869
53371.00000000
2070
38991.00000000
3106
39287.00000000
2581
39095.00000000
3115
40861.00000000
1773
51893.00000000
1435
54159.00000000
1872
34146.00000000
2530
44005.00000000
2530
98673.00000000
137
105528.00000000
107
49819.00000000
1011
49663.00000000
92
82831.00000000
208
100156.00000000
3
59795.00000000
718
51178.00000000
937
41147.00000000
601
52007.00000000
3167
45217.00000000
3337
47546.00000000
1133
46715.00000000
452
44510.00000000
1284
43567.00000000
3118
43747.00000000
441
36499.00000000
1611
46974.00000000
1869
43556.00000000
775
47506.00000000
775
47605.00000000
3141
52241.00000000
3141
56452.00000000
32
52923.00000000
32
57436.00000000
32
55323.00000000
1702
58293.00000000
1702
60431.00000000
775
57001.00000000
1869
58672.00000000
1869
63243.00000000
541
40739.00000000
2445
38557.00000000
3106
42164.00000000
2631
38289.00000000
1927
44041.00000000
2851
48228.00000000
3283
43083.00000000
1872
34650.00000000
2530
54704.00000000
2530
94529.00000000
1888
79747.00000000
107
37879.00000000
1011
44411.00000000
92
69296.00000000
208
73056.00000000
208
51951.00000000
718
40891.00000000
718
39531.00000000
1998
49770.00000000
3337
32751.00000000
3337
36208.00000000
1133
29361.00000000
1133
35247.00000000
1284
41149.00000000
1563
39834.00000000
441
38488.00000000
441
42783.00000000
1611
41219.00000000
775
40748.00000000
775
43634.00000000
3141
49238.00000000
3141
48597.00000000
32
45350.00000000
32
47600.00000000
32
46502.00000000
1702
38898.00000000
1377
36573.00000000
1869
31925.00000000
1869
44667.00000000
1068
32602.00000000
1398
33495.00000000
65
39162.00000000
2105
38179.00000000
1990
44655.00000000
1927
43827.00000000
2336
47325.00000000
3283
49511.00000000
3101
38781.00000000
408
57175.00000000
1921
77560.00000000
214
55439.00000000
107
27070.00000000
1011
45049.00000000
92
58217.00000000
1323
50712.00000000
208
51287.00000000
2453
38272.00000000
718
31106.00000000
1998
46171.00000000
2044
48603.00000000
3196
44509.00000000
1960
36102.00000000
2380
50697.00000000
1284
40073.00000000
902
34924.00000000
902
31778.00000000
441
43664.00000000
1611
34910.00000000
3016
37041.00000000
3016
40095.00000000
1377
43431.00000000
1377
46131.00000000
1377
44938.00000000
1377
36827.00000000
1377
27794.00000000
1377
24880.00000000
1377
28226.00000000
1869
35715.00000000
1869
30472.00000000
1068
35684.00000000
1398
33038.00000000
525
38317.00000000
2105
35639.00000000
3307
37838.00000000
3018
39791.00000000
2221
39118.00000000
803
44942.00000000
3102
38950.00000000
408
60251.00000000
96
69297.00000000
2157
37964.00000000
107
19494.00000000
1011
50206.00000000
92
40613.00000000
1323
41485.00000000
208
47797.00000000
2453
41005.00000000
2453
35150.00000000
904
50564.00000000
2374
45262.00000000
795
37309.00000000
3282
50416.00000000
3282
42628.00000000
2647
47651.00000000
2442
30278.00000000
902
33808.00000000
2156
29914.00000000
760
34997.00000000
760
28595.00000000
3016
31049.00000000
3016
32872.00000000
1377
31876.00000000
1377
30447.00000000
1377
25157.00000000
1377
22796.00000000
1377
30646.00000000
1377
26084.00000000
2108
30633.00000000
1068
31334.00000000
2276
44102.00000000
1868
41440.00000000
525
33181.00000000
3307
33417.00000000
2569
36929.00000000
2569
37251.00000000
1763
39460.00000000
803
41183.00000000
974
45619.00000000
2888
46014.00000000
2157
67868.00000000
2151
27718.00000000
107
15517.00000000
1011
44467.00000000
998
25193.00000000
1323
37074.00000000
967
54788.00000000
88
29317.00000000
2453
35736.00000000
904
43083.00000000
836
44970.00000000
1256
50596.00000000
3282
48718.00000000
2364
39579.00000000
2647
40605.00000000
1286
46839.00000000
1776
35424.00000000
253
31221.00000000
253
19733.00000000
760
23386.00000000
760
33409.00000000
2433
33551.00000000
3016
35803.00000000
1377
32570.00000000
1377
34015.00000000
1377
25345.00000000
2108
23512.00000000
2108
26638.00000000
44
26795.00000000
44
34528.00000000
1868
27433.00000000
1868
42340.00000000
2780
38508.00000000
2781
28891.00000000
2569
38782.00000000
1763
43764.00000000
1763
38631.00000000
2893
29690.00000000
974
37167.00000000
96
35634.00000000
2157
44820.00000000
2151
30005.00000000
107
18368.00000000
1011
36587.00000000
998
13474.00000000
1323
18214.00000000
967
32611.00000000
1423
32231.00000000
2453
28378.00000000
1171
35070.00000000
2494
39579.00000000
3100
57023.00000000
1256
52973.00000000
1633
44101.00000000
1726
35273.00000000
2553
47035.00000000
2002
37043.00000000
2002
37944.00000000
253
32966.00000000
2211
29286.00000000
760
26804.00000000
760
35805.00000000
2433
29173.00000000
225
29540.00000000
225
34898.00000000
1314
26802.00000000
1314
31312.00000000
44
29951.00000000
44
34551.00000000
1868
23026.00000000
1868
37922.00000000
1868
32527.00000000
1014
29752.00000000
1014
38581.00000000
3029
39125.00000000
265
38088.00000000
20
36385.00000000
20
34847.00000000
1858
31023.00000000
891
40341.00000000
48
34077.00000000
107
44534.00000000
107
25240.00000000
1011
30007.00000000
998
10214.00000000
1323
16020.00000000
967
24440.00000000
1423
27937.00000000
88
25558.00000000
1171
36937.00000000
2494
25154.00000000
1218
37403.00000000
1189
44310.00000000
814
43683.00000000
2585
28044.00000000
2750
37478.00000000
458
40865.00000000
2002
24851.00000000
2362
27155.00000000
2362
28818.00000000
300
19633.00000000
300
26524.00000000
300
32882.00000000
1818
28700.00000000
2234
27893.00000000
589
30315.00000000
589
32849.00000000
3310
21756.00000000
1238
24778.00000000
1238
39561.00000000
1587
26612.00000000
1587
26694.00000000
1014
38521.00000000
2866
38599.00000000
265
38081.00000000
2672
21843.00000000
20
20348.00000000
1858
25991.00000000
891
32316.00000000
2157
28360.00000000
2151
36406.00000000
1813
42294.00000000
1323
33164.00000000
1011
25976.00000000
998
14945.00000000
1323
30327.00000000
1323
16576.00000000
967
16855.00000000
1423
18240.00000000
88
29601.00000000
1171
35986.00000000
1218
32475.00000000
1218
49003.00000000
3013
30256.00000000
3013
25978.00000000
2638
30141.00000000
458
32763.00000000
458
34334.00000000
2362
28699.00000000
2362
35347.00000000
2362
34991.00000000
2728
34188.00000000
2580
38614.00000000
2160
40928.00000000
2160
34383.00000000
938
35773.00000000
2204
31303.00000000
1500
32944.00000000
1500
40518.00000000
1731
35620.00000000
1587
39098.00000000
1587
45684.00000000
2866
38171.00000000
2866
38906.00000000
2672
26283.00000000
20
25129.00000000
1858
25398.00000000
1858
16701.00000000
891
19519.00000000
48
30420.00000000
2151
15858.00000000
1813
34742.00000000
1323
39104.00000000
1652
22921.00000000
998
22676.00000000
1323
26057.00000000
1323
15390.00000000
967
18200.00000000
1423
24868.00000000
88
25759.00000000
88
23369.00000000
496
39158.00000000
496
37615.00000000
3299
38999.00000000
1027
34061.00000000
1592
32395.00000000
2638
40386.00000000
1605
26344.00000000
2839
33720.00000000
817
38616.00000000
2318
32744.00000000
1478
33827.00000000
2160
28675.00000000
2160
32808.00000000
2160
43331.00000000
938
36163.00000000
2497
37458.00000000
2497
42755.00000000
1655
37259.00000000
1731
48806.00000000
2679
49480.00000000
2508
44611.00000000
455
40618.00000000
1996
39715.00000000
2509
33679.00000000
20
28544.00000000
1858
17612.00000000
891
14429.00000000
48
17776.00000000
2151
25426.00000000
1813
13594.00000000
1813
35821.00000000
1323
31592.00000000
1652
20182.00000000
998
29123.00000000
1323
21713.00000000
193
31276.00000000
2992
13842.00000000
967
12063.00000000
1423
18932.00000000
88
23746.00000000
2461
18711.00000000
496
35891.00000000
2083
42793.00000000
2290
40032.00000000
1027
33121.00000000
1592
34152.00000000
1605
31778.00000000
1605
21417.00000000
2839
37101.00000000
2164
36548.00000000
2605
39629.00000000
2605
46405.00000000
2209
41944.00000000
2209
54600.00000000
126
49010.00000000
1655
50190.00000000
1655
51176.00000000
1712
46474.00000000
1649
58726.00000000
1649
53198.00000000
455
42772.00000000
2798
45087.00000000
1704
30042.00000000
2855
23918.00000000
1143
30755.00000000
891
20081.00000000
48
18226.00000000
2151
37760.00000000
1813
12602.00000000
1813
23954.00000000
1813
40528.00000000
1323
26963.00000000
1652
17499.00000000
998
33464.00000000
1323
18879.00000000
193
11829.00000000
193
19567.00000000
2992
22100.00000000
967
20021.00000000
1423
21582.00000000
2550
20672.00000000
3031
29414.00000000
496
27235.00000000
2083
37702.00000000
1179
51360.00000000
27
31721.00000000
2997
30114.00000000
2997
31892.00000000
895
34771.00000000
3107
40543.00000000
1803
46368.00000000
3185
43141.00000000
2209
36325.00000000
2209
48259.00000000
1447
55273.00000000
2744
53531.00000000
1712
56435.00000000
1649
56089.00000000
303
52028.00000000
303
41588.00000000
1704
34527.00000000
1704
25681.00000000
2855
25838.00000000
1143
34803.00000000
154
18726.00000000
2787
26962.00000000
2151
30464.00000000
319
12202.00000000
1813
21997.00000000
1813
24867.00000000
193
41282.00000000
1875
24460.00000000
1652
15696.00000000
998
33179.00000000
338
20588.00000000
193
6854.00000000
193
15622.00000000
193
13181.00000000
2992
21522.00000000
10
29163.00000000
10
18650.00000000
2550
21377.00000000
3031
30981.00000000
38
33250.00000000
2083
32157.00000000
806
27169.00000000
1914
36883.00000000
1914
37557.00000000
2130
34038.00000000
2295
34977.00000000
2295
52452.00000000
3129
57011.00000000
170
55820.00000000
2382
59545.00000000
2717
55079.00000000
925
44226.00000000
1409
45802.00000000
1409
38350.00000000
1319
42973.00000000
1184
41661.00000000
1184
29242.00000000
2458
28479.00000000
3200
23288.00000000
3200
21345.00000000
2787
36157.00000000
2151
24493.00000000
319
13902.00000000
1813
19648.00000000
1813
18880.00000000
193
25764.00000000
193
41166.00000000
1875
23065.00000000
1652
14839.00000000
998
32491.00000000
338
23000.00000000
193
10609.00000000
193
7729.00000000
193
19081.00000000
193
10140.00000000
2992
18127.00000000
10
19641.00000000
10
21261.00000000
2550
31962.00000000
3031
23120.00000000
38
31430.00000000
38
30000.00000000
2261
40378.00000000
1914
38542.00000000
2350
34914.00000000
55
45027.00000000
2355
42947.00000000
350
48835.00000000
350
55685.00000000
2441
55378.00000000
924
57398.00000000
924
51324.00000000
2531
41220.00000000
2531
43577.00000000
1184
40090.00000000
1184
33094.00000000
2458
16726.00000000
3200
23723.00000000
3200
24439.00000000
731
32152.00000000
731
21918.00000000
319
15630.00000000
1813
20164.00000000
1813
23140.00000000
193
20570.00000000
193
29256.00000000
193
41715.00000000
1875
22718.00000000
1652
13492.00000000
998
33016.00000000
338
24738.00000000
193
15017.00000000
193
12373.00000000
193
8138.00000000
193
17325.00000000
193
10272.00000000
2992
25368.00000000
2992
15255.00000000
10
24924.00000000
615
21359.00000000
615
31686.00000000
38
30575.00000000
38
33435.00000000
2035
46024.00000000
2261
45629.00000000
2340
36796.00000000
2340
46914.00000000
2340
51530.00000000
2836
46477.00000000
3032
47737.00000000
3032
47969.00000000
1830
48295.00000000
1830
41270.00000000
49
34312.00000000
49
41219.00000000
3200
28994.00000000
3200
36075.00000000
731
17031.00000000
731
33857.00000000
319
27352.00000000
319
16857.00000000
1813
23165.00000000
1813
24459.00000000
193
24495.00000000
193
24315.00000000
193
31847.00000000
193
40948.00000000
1875
23774.00000000
1652
12018.00000000
998
34287.00000000
338
25716.00000000
193
17992.00000000
193
16853.00000000
193
12052.00000000
193
7638.00000000
193
13109.00000000
193
16902.00000000
2992
16602.00000000
2992
26700.00000000
10
41887.00000000
10
28197.00000000
615
33519.00000000
615
38092.00000000
2090
49197.00000000
2090
57604.00000000
1433
50050.00000000
2340
52121.00000000
2340
73778.00000000
874
61219.00000000
3032
64079.00000000
3032
62998.00000000
2724
55947.00000000
49
48655.00000000
49
42971.00000000
1241
42151.00000000
1241
26707.00000000
731
29563.00000000
731
33808.00000000
319
30409.00000000
1813
19780.00000000
1813
29069.00000000
1813
22733.00000000
193
24043.00000000
193
26467.00000000
193
26443.00000000
193
33062.00000000
193
40158.00000000
1875
26118.00000000
1652
14391.00000000
998
21507.00000000
338
38118.00000000
193
25933.00000000
193
25955.00000000
193
23391.00000000
193
19214.00000000
193
15774.00000000
193
17325.00000000
193
30257.00000000
193
27198.00000000
2992
32300.00000000
347
42439.00000000
347
61579.00000000
640
59051.00000000
615
64380.00000000
615
75501.00000000
2090
84656.00000000
2090
90343.00000000
1614
110587.00000000
9
95405.00000000
2165
90672.00000000
2165
94936.00000000
1241
73198.00000000
1241
65400.00000000
17
49825.00000000
731
40327.00000000
2532
46982.00000000
2532
36153.00000000
678
24299.00000000
1813
24577.00000000
1813
30517.00000000
193
26909.00000000
193
28585.00000000
193
31816.00000000
193
33640.00000000
193
32740.00000000
193
40618.00000000
1875
38477.00000000
338
18091.00000000
1652
28658.00000000
1652
2521.00000000
338
20663.00000000
338
32879.00000000
1875
33059.00000000
1875
33828.00000000
1875
34094.00000000
1875
35355.00000000
1875
37115.00000000
1875
40429.00000000
1875
46106.00000000
1875
47879.00000000
1323
33498.00000000
347
26996.00000000
347
34728.00000000
347
51960.00000000
347
73189.00000000
347
85796.00000000
640
108783.00000000
640
130509.00000000
2532
115943.00000000
2532
89394.00000000
2532
62085.00000000
2532
43258.00000000
2532
36211.00000000
2532
27810.00000000
678
17174.00000000
678
17479.00000000
678
26912.00000000
678
40411.00000000
678
37744.00000000
1875
34792.00000000
1875
33255.00000000
1875
32345.00000000
1875
32213.00000000
1875
31632.00000000
1875
31498.00000000
1875
37781.00000000
338
29212.00000000
338
4871.00000000
1652
20496.00000000
2
26876.00000000
1652
39628.00000000
1652
40229.00000000
296
36799.00000000
296
33491.00000000
296
29876.00000000
296
26360.00000000
296
22471.00000000
296
18451.00000000
296
14695.00000000
296
11533.00000000
296
9776.00000000
296
11180.00000000
296
16956.00000000
296
24813.00000000
296
33463.00000000
296
44133.00000000
296
58500.00000000
296
69338.00000000
138
62188.00000000
138
50687.00000000
138
41261.00000000
138
38555.00000000
138
40482.00000000
296
32207.00000000
296
25157.00000000
296
21595.00000000
296
20561.00000000
296
21358.00000000
296
23072.00000000
296
25305.00000000
296
28099.00000000
296
30693.00000000
296
33768.00000000
296
36777.00000000
296
39686.00000000
296
31546.00000000
1652
9854.00000000
1652
19936.00000000
2
